
# Please make this file available to others
# by sending it to <lirc@bartelmus.de>
#
# this config file was automatically generated
# using lirc-0.9.0(IRToy) on Wed May 02 15:36:10 2012
#
# contributed by 
#
# brand:                       ..\RC5.cfg
# model no. of remote control: 
# devices being controlled by this remote:
#

begin remote

  name  ..\RC5.cfg
  flags RAW_CODES|CONST_LENGTH
  eps            30
  aeps          100

  gap          108580

      begin raw_codes

          name CH+
             1151     426     234     405     234     383
              234     405     213     405     213     426
              191     447     191     490     170     554
              127    6613     490     639     469     597
              511     597     511     597     511     575
              511     618     490     618     490     597
              511    1770     469    1749     490    1749
              490    1749     490    1770     490    1749
              490    1770     490    1749     490    1749
              490     597     490     639     469     597
              511    1770     469     597     511     597
              511     618     469     597     511    1770
              490    1749     490    1749     490     618
              469    1749     511    1770     469    1770
              490

          name CH-
             8959    4586     554     490     639     533
              533     597     533     490     639     533
              533     597     533     490     639     533
              533    1642     639    1685     554    1685
              533    1642     639    1663     554    1685
              533    1642     639    1663     554    1685
              533     575     533     490     639    1685
              554    1685     533     575     533     490
              639     533     533     597     533    1685
              533    1642     639     533     533     597
              533    1685     533    1642     639    1663
              554

          name VOL+
             8959    4607     533     575     639     469
              511     597     533     575     639     469
              511     575     575     533     639     469
              511    1706     639    1599     533    1727
              469    1749     639    1599     490    1749
              554    1685     639    1599     533     575
              639    1599     511    1749     554     554
              533    1727     511     575     533     575
              639     469     533    1706     639     469
              511     575     533    1706     511     597
              554    1706     533    1685     639    1599
              533

          name VOL-
             8959    4586     533     575     533     575
              554     554     533     575     533     575
              554     554     533     575     554     554
              554    1685     554    1706     533    1685
              554    1685     533    1706     533    1685
              554    1685     533    1727     554     554
              533     575     554    1685     554     554
              554    1685     533     575     554     554
              533     575     533    1706     533    1685
              554     554     533    1685     554     554
              533    1685     554    1685     533    1706
              554

          name MUTE
             8981    4565     533     575     554     554
              511     575     533     575     554     554
              511     575     533     597     554     554
              511    1706     554    1685     533    1727
              511    1706     554    1685     533    1727
              511    1706     554    1685     533     575
              554    1685     533     575     554     554
              511    1706     554     554     511     575
              533     575     554    1685     533     575
              554    1663     533    1727     511     575
              533    1727     511    1706     554    1663
              533

          name POWER
             8981    4565     533     575     554     554
              511     575     533     575     554     554
              511     575     533     575     554     554
              511    1706     554    1685     533    1706
              533    1706     554    1685     533    1706
              511    1706     554    1685     533    1727
              533    1706     554     554     511     575
              533     575     554     554     511     575
              533     575     554     554     533     575
              533    1727     511    1706     554    1685
              533    1706     511    1706     554    1685
              533

      end raw_codes

end remote
